((("color-theme-molokai" .
   [1 0 0 0 0 0 0 0 0 0 0 0 0 0 0 0 0 0 0])
  ("output_png" .
   [0 0 0 0 0 0 0 0 0 1])
  ("endl" .
   [1 0 0 0])
  ("cout" .
   [1 0 0 0])
  ("gnuplot" .
   [0 0 0 0 0 0 2])
  ("fprintf" .
   [1 0 2 0 0 0 0])
  ("G" .
   [2])
  ("s_b" .
   [1 0 0])
  ("sigmoid_b" .
   [3 0 0 0 0 0 0 0 0])
  ("s_a" .
   [1 0 0])
  ("p_d" .
   [0 0 1])
  ("g_s" .
   [2 0 0])
  ("sigmoid_a" .
   [3 0 0 0 0 0 0 0 1])
  ("gauss_sigma" .
   [3 0 0 0 0 0 0 0 0 0 2])
  ("polynomial_d" .
   [2 0 0 0 1 0 0 0 0 0 0 1])
  ("polynomial" .
   [0 0 0 0 1 0 0 0 0 0])
  ("SIGMOID_B" .
   [0 0 0 1 0 0 0 0 0])
  ("OPTION_LIST" .
   [0 0 1 0 0 0 0 0 0 0 0])
  ("FILE_NAME" .
   [0 0 0 0 2 1 0 0 0])
  ("print_exception" .
   [0 0 0 0 0 0 0 0 0 0 0 0 0 0 1])
  ("$get" .
   [1 0 0 0])
  ("print_loop" .
   [0 0 0 0 0 0 0 0 1 0])
  ("print_failure" .
   [0 0 0 0 0 0 0 0 1 0 0 0 0])
  ("$order" .
   [0 0 0 2 0 0])
  ("$_GET" .
   [3 0 0 0 0])
  ("print_success" .
   [0 0 0 0 0 0 0 0 0 1 0 0 0])
  ("function" .
   [2 0 0 0 1 0 0 1])
  ("$key" .
   [3 0 0 0])
  ("php" .
   [1 0 0])
  ("SIGMOID_A" .
   [0 1 0 0 0 0 0 0 2])
  ("GAUSS_SIGMA" .
   [0 0 1 0 0 0 1 0 0 0 1])
  ("get_norm" .
   [0 0 0 0 0 0 1 0])
  ("pow" .
   [2 0 0])
  ("POLYNOMIAL_D" .
   [0 0 1 0 0 0 0 0 0 0 0 2])
  ("inner_product" .
   [0 0 0 0 0 0 0 0 0 0 0 0 3])
  ("case" .
   [5 0 0 0])
  ("switch" .
   [0 0 0 1 0 0])
  ("rtn" .
   [22 0 0])
  ("vector2" .
   [1 0 0 0 0 0 0])
  ("vector1" .
   [2 0 0 0 0 0 2])
  ("get_kernel" .
   [0 0 0 0 0 0 1 0 0 0])
  ("get_x" .
   [0 0 0 0 2])
  ("list_of_data" .
   [0 0 0 0 2 0 0 0 0 0 0 4])
  ("kernel" .
   [7 0 2 5 1 1])
  ("SIGMOID" .
   [0 0 0 2 0 0 3])
  ("GAUSS" .
   [1 0 1 1 1])
  ("POLYNOMIAL" .
   [0 0 2 0 0 0 0 0 0 1])
  ("NOKERNEL" .
   [0 0 3 0 0 0 0 0])
  ("print_help" .
   [0 0 0 0 0 0 0 0 5 0])
  ("optarg" .
   [3 0 0 0 0 0])
  ("c_str" .
   [1 0 0 2 0])
  ("result" .
   [2 0 0 0 6 0])
  ("get_option" .
   [0 0 0 0 0 0 1 0 0 0])
  ("vector" .
   [3 0 0 0 0 20])
  ("map" .
   [2 0 0])
  ("option_list" .
   [1 0 0 0 0 0 1 0 0 0 0])
  ("option_name" .
   [0 0 0 0 0 0 0 1 0 0 1])
  ("argv" .
   [2 0 0 0])
  ("argc" .
   [4 0 0 0])
  ("string" .
   [7 0 0 0 0 1])
  ("option" .
   [6 0 0 1 1 1])
  ("ここにtodo書くべきじゃないけど" .
   [1 0 0 0 0 0 0 0 0 0 0 0 0 0 0 0 0])
  ("@todo" .
   [2 0 0 0 0])
  ("getDemandOfTheAd" .
   [0 0 0 0 0 0 0 0 0 0 0 1 0 1 0 1])
  ("adNum" .
   [11 0 0 0 0])
  ("ad" .
   [11 0])
  ("NULL_AD_DEMAND" .
   [0 0 1 1 0 0 0 0 0 0 0 0 0 0])
  ("@return" .
   [4 0 0 0 0 0 0])
  ("demandList" .
   [1 0 0 0 0 0 0 6 3 5])
  ("getDemandList" .
   [0 0 0 0 0 1 0 1 0 0 0 0 0])
  ("/bin/" .
   [0 1 0 0 0])
  ("getFrameNumber" .
   [0 0 0 0 0 0 4 0 0 0 0 0 0 0])
  ("Bidderのインスタンス化" .
   [1 0 0 0 0 0 0 0 0 0 0 0 0 0])
  ("Pattern" .
   [1 0 0 0 0 0 0])
  ("matchstr" .
   [0 0 0 0 0 0 1 0])
  ("find" .
   [1 0 0 0])
  ("task1" .
   [1 0 0 0 0])
  ("completed" .
   [1 0 0 0 0 0 0 0 0])
  ("Task" .
   [1 0 0 0])
  ("var" .
   [1 0 0])
  ("Model" .
   [1 0 0 0 0])
  ("row" .
   [1 0 0])
  ("icvr" .
   [1 0 0 0])
  ("rtnArray" .
   [0 0 0 0 1 0 0 0])
  ("strArray" .
   [1 0 0 0 0 0 0 0])
  ("StringArrayListHandler" .
   [0 0 0 0 0 0 0 0 0 0 1 0 0 0 0 0 0 0 0 0 0 0])
  ("adSpacesToBid" .
   [0 0 0 0 0 0 0 0 1 0 0 0 0])
  ("File" .
   [1 0 0 0])
  ("load" .
   [1 0 0 0])
  ("Csv" .
   [1 0 0])
  ("List" .
   [1 0 0 0])
  ("setIgnoreEmptyLines" .
   [0 0 0 0 0 1 0 0 0 0 0 0 0 0 0 0 0 0 0])
  ("cfg" .
   [3 0 0])
  ("CsvConfig" .
   [0 0 0 0 1 1 0 0 0])
  ("printStackTrace" .
   [0 0 0 0 0 0 0 0 0 1 0 0 0 0 0])
  ("IOException" .
   [0 0 0 1 0 0 0 0 0 0 0])
  ("avg_distance.csv" .
   [0 0 0 0 0 0 1 0 0 0 0 0 0 0 0 0])
  ("done" .
   [2 0 0 0])
  ("read" .
   [1 0 0 0])
  ("IFS" .
   [1 0 0])
  ("get_averages.sql" .
   [0 0 0 0 0 0 0 0 0 1 0 0 0 0 0 0])
  ("font-family-list" .
   [0 0 0 0 0 0 0 0 0 1 0 0 0 0 0 0])
  ("prin1" .
   [1 0 0 0 0])
  ("50より大きい数なら逆に減らすとか" .
   [0 0 1 0 0 0 0 0 0 0 0 0 0 0 0 0 0])
  ("detail" .
   [2 0 0 0 0 0])
  ("5px" .
   [1 0 0])
  ("margin-bottom" .
   [0 0 0 0 0 0 0 0 0 1 1 1 0])
  ("icon_image" .
   [0 0 0 0 0 0 0 0 1 1])
  ("666" .
   [2 0 0])
  ("0px" .
   [4 0 0])
  ("777" .
   [1 0 0])
  ("FFF" .
   [1 0 0])
  ("bold" .
   [3 0 0 0])
  ("normal" .
   [1 0 0 0 0 0])
  ("333333" .
   [1 0 0 0 0 0])
  ("red" .
   [1 0 0])
  ("inquery" .
   [1 0 0 0 0 0 0])
  ("padding-right" .
   [0 0 0 0 0 0 0 0 0 0 0 1 0])
  ("block" .
   [1 0 2 1 0])
  ("p" .
   [3])
  ("font-size" .
   [0 0 0 0 0 2 0 0 0])
  ("img" .
   [4 0 0])
  ("280px" .
   [4 0 0 0 0])
  ("width" .
   [1 0 0 0 0])
  ("services" .
   [1 0 0 0 0 0 0 0])
  ("center" .
   [0 1 1 0 0 0])
  ("text-align" .
   [0 0 0 0 0 0 0 1 0 0])
  ("for_you" .
   [1 0 0 0 0 0 0])
  ("margin-right" .
   [0 0 0 0 0 0 0 0 0 0 1 0])
  ("h4" .
   [2 0])
  ("service" .
   [3 0 0 0 0 0 0])
  ("about" .
   [1 0 0 0 0])
  ("900px" .
   [1 0 0 0 0])
  ("news" .
   [1 0 0 0])
  ("50px" .
   [2 0 0 0])
  ("79px" .
   [1 0 0 0])
  ("100px" .
   [1 0 0 0 0])
  ("200px" .
   [2 0 0 0 0])
  ("middle" .
   [0 0 0 0 1 0])
  ("both" .
   [0 0 1 0])
  ("clear" .
   [1 0 0 1 0])
  ("inline-block" .
   [0 0 0 0 0 0 0 0 1 0 0 0])
  ("display" .
   [0 0 0 0 1 0 0])
  ("bottom" .
   [0 0 0 1 1 0])
  ("vertical-align" .
   [0 0 0 0 0 0 0 0 0 0 1 2 0 0])
  ("25px" .
   [3 0 0 0])
  ("line-height" .
   [0 0 0 0 0 0 0 1 0 1 0])
  ("1px" .
   [1 0 0])
  ("logo" .
   [1 0 0 0])
  ("right" .
   [0 0 0 1 0])
  ("left" .
   [6 1 1 2])
  ("float" .
   [2 0 0 0 2])
  ("-8px" .
   [1 0 0 0])
  ("margin-top" .
   [0 0 0 0 0 1 0 0 0 5])
  ("margin-left" .
   [0 0 0 0 0 3 0 0 0 0 0])
  ("20px" .
   [6 0 0 0])
  ("4px" .
   [1 0 0])
  ("relative" .
   [0 0 0 0 8 0 1 0])
  ("padding" .
   [0 0 1 0 0 0 0])
  ("position" .
   [0 0 0 0 6 1 0 1])
  ("-480px" .
   [1 0 0 0 0 0])
  ("50%" .
   [3 0 0])
  ("DDD" .
   [2 0 0])
  ("background-color" .
   [1 0 0 1 0 0 0 0 0 0 0 0 2 0 0 0])
  ("no-repeat" .
   [0 0 0 1 0 0 0 0 0])
  ("background-repeat" .
   [0 0 0 0 0 0 0 0 0 0 0 0 0 0 0 1 0])
  ("Background" .
   [0 0 0 0 0 0 0 0 0 2])
  ("z-index" .
   [0 0 0 0 1 0 0])
  ("absolute" .
   [0 0 1 1 0 0 0 0])
  ("73px" .
   [1 0 0 0])
  ("auto" .
   [5 0 0 0])
  ("300px" .
   [3 0 0 0 0])
  ("top" .
   [2 0 1])
  ("background-position" .
   [0 0 0 0 0 0 0 0 0 0 0 0 0 0 0 2 0 0 0])
  ("100%" .
   [4 0 0 0])
  ("height" .
   [2 0 0 0 1 0])
  ("0" .
   [33])
  ("margin" .
   [4 0 0 0 0 0])
  ("960px" .
   [2 0 0 0 0])
  ("16px" .
   [2 0 0 0])
  ("10px" .
   [17 0 0 0])
  ("/Volumes/DATA/" .
   [0 0 0 0 0 0 0 0 0 1 0 0 0 0])
  ("/Volumes/" .
   [0 0 0 0 0 1 0 0 0])
  ("color-theme-euphoria" .
   [1 0 0 0 0 0 0 0 0 0 0 0 0 0 0 0 0 0 0 0])
  ("echo" .
   [14 0 0 0])
  ("expr" .
   [6 0 0 0])
  ("S" .
   [1])
  ("eachAdSpaceSum" .
   [0 0 0 0 1 0 0 0 0 0 0 0 0 0])
  ("diff" .
   [5 0 0 0])
  ("getSupplyByPrice" .
   [0 0 0 0 0 1 0 0 0 0 0 0 0 0 0 0])
  ("break" .
   [4 0 0 0 1])
  ("supply" .
   [1 0 0 0 1 0])
  ("初期化" .
   [1 0 0])
  ("インプレッション数" .
   [1 0 0 0 0 0 0 0 0])
  ("A" .
   [3])
  ("getIcvrAvg" .
   [0 0 0 0 0 0 0 0 1 0])
  ("FileReader" .
   [0 0 0 0 0 1 0 0 0 0])
  ("_struct" .
   [2 0 0 0 0 0 0])
  ("avg" .
   [4 0 0])
  ("tempList" .
   [2 0 0 0 0 0 0 2])
  ("icvrAvgUri" .
   [0 0 0 0 0 0 0 0 1 0])
  ("icvrAvg" .
   [4 0 0 0 1 0 3])
  ("metaUri" .
   [1 0 0 0 0 0 0])
  ("maxStep" .
   [0 0 0 5 0 0 0])
  ("5000" .
   [1 0 0 0])
  ("final" .
   [3 0 0 0 0])
  ("struct_id" .
   [0 0 0 0 0 1 0 0 1])
  ("./2_100.sh" .
   [0 0 0 1 0 0 0 0 0 0])
  ("printf" .
   [18 0 0 0 0 1])
  ("46" .
   [1 0])
  ("26" .
   [1 0])
  ("50" .
   [2 0])
  ("32" .
   [1 0])
  ("62" .
   [1 0])
  ("81" .
   [1 0])
  ("doc" .
   [5 0 0])
  ("get_moviesfff" .
   [0 0 0 0 0 0 0 0 0 0 0 0 1])
  ("GET" .
   [2 0 0])
  ("s" .
   [4])
  ("str" .
   [6 0 0])
  ("movie" .
   [1 0 0 0 0])
  ("html" .
   [4 0 0 0])
  ("ary" .
   [9 0 0])
  ("Array" .
   [3 0 0 0 0])
  ("movies" .
   [4 0 0 0 0 0])
  ("scrape" .
   [3 0 0 0 0 0])
  ("link" .
   [7 0 0 0])
  ("each" .
   [7 0 0 1])
  ("links" .
   [6 0 0 0 1])
  (":links" .
   [1 0 0 0 0 0])
  ("def" .
   [4 0 0])
  ("get_movies" .
   [1 0 0 0 2 0 0 0 0 2])
  ("Post" .
   [1 0 0 0])
  ("posts" .
   [2 0 0 0 0])
  ("java" .
   [5 0 0 0])
  ("import" .
   [5 0 0 0 0 0])
  ("BigDecimal" .
   [0 0 0 1 0 0 0 0 0 0])
  ("e" .
   [2])
  ("Math" .
   [1 0 0 0])
  ("1" .
   [4])
  ("10000" .
   [6 0 0 0 0])
  ("nextInt" .
   [0 0 0 0 0 0 2])
  ("Random" .
   [3 0 0 0 1 2])
  ("getRndBid" .
   [0 0 0 0 0 1 0 0 0])
  ("getImps" .
   [1 0 0 0 0 1 4])
  ("int" .
   [67 0 0])
  ("getRndValue" .
   [0 0 0 0 0 0 0 0 0 0 1])
  ("true" .
   [5 0 0 0])
  ("while" .
   [4 0 0 0 0])
  ("LinkedList" .
   [0 0 0 2 0 1 1 0 0 0])
  ("void" .
   [15 0 0 0])
  ("println" .
   [36 0 0 0 0 0 1])
  ("out" .
   [42 0 1])
  ("System" .
   [32 0 3 5 1 8])
  ("Integer" .
   [9 0 1 2 2 1 0])
  ("ArrayList" .
   [4 0 2 2 6 18 4 0 7])
  ("structNum" .
   [3 0 0 0 0 0 2 5 5])
  ("size" .
   [21 0 0 1])
  ("currentPrice" .
   [0 0 0 0 0 0 0 0 0 0 0 1])
  ("else" .
   [16 0 0 0])
  ("length" .
   [5 0 0 0 0 1])
  ("curve" .
   [12 0 0 0 1])
  ("free" .
   [1 0 0 0])
  ("x-clipboard-yank" .
   [0 0 0 0 0 0 1 0 0 0 0 0 0 0 0 0])
  ("global-set-key" .
   [0 0 0 0 0 0 0 0 0 1 0 0 0 0])
  ("x-select-enable-clipboard" .
   [0 0 0 0 0 0 0 0 0 0 0 0 1 0 0 0 0 0 0 0 0 0 0 0 0])
  ("x-selection" .
   [0 0 0 0 0 0 0 0 0 0 1])
  ("setq" .
   [1 0 0 0])
  ("this" .
   [15 0 0 0])
  ("Double" .
   [7 0 0 2 0 0])
  ("parseDouble" .
   [0 0 0 0 0 0 1 0 0 0 1])
  ("parseInt" .
   [0 0 0 0 0 0 0 1])
  ("elem" .
   [17 0 0 0])
  ("bidCurveList" .
   [0 0 0 1 2 1 0 0 0 2 0 1])
  ("add" .
   [12 0 0])
  ("bidCurve" .
   [0 0 0 1 0 0 0 1])
  ("Value" .
   [22 0 1 0 0])
  ("new" .
   [22 0 0])
  ("n" .
   [7])
  ("get" .
   [34 0 1])
  ("upperLimitBid" .
   [1 0 0 4 0 1 0 0 0 0 0 0 3])
  ("private" .
   [13 0 0 0 0 0 0])
  ("static" .
   [14 0 0 0 0 0])
  ("getBid" .
   [4 0 0 0 1 8])
  ("getBidList" .
   [0 0 0 0 0 0 0 0 0 2])
  ("double" .
   [47 0 0 0 1 1])
  ("for" .
   [10 0 0])
  ("bidList" .
   [4 0 0 0 2 0 8])
  ("print" .
   [3 0 0 0 2])
  ("value" .
   [5 0 0 0 0])
  ("return" .
   [45 0 0 1 0 0])
  ("null" .
   [7 0 0 0])
  ("public" .
   [13 0 0 0 0 0])
  ("String" .
   [10 0 0 0 0 1])
  ("toString" .
   [2 0 0 0 0 0 0 0])
  ("bid" .
   [9 0 0])
  ("imps" .
   [14 0 0 0])
  ("imp" .
   [9 0 0])
  ("impCurveList" .
   [1 0 0 0 0 0 0 0 0 1 0 0])
  ("rtnImpList" .
   [0 0 0 0 0 1 0 0 0 0])
  ("impList" .
   [0 0 1 2 1 0 8])
  ("bidListとimpListをマージしてcurveに代入" .
   [1 0 0 0 0 0 0 0 0 0 0 0 0 0 0 0 0 0 0 0 0 0 0 0 0 0 0 0 0])
  ("getCurve" .
   [1 0 0 0 0 0 0 1])
  ("mergeCurve" .
   [0 0 0 0 0 1 0 0 0 0])
  ("i" .
   [14])
  ("if" .
   [14 0])
  ("remove" .
   [1 0 0 0 1 0])
  ("poll" .
   [2 0 0 0])
  ("100" .
   [11 0 0])
  ("1000" .
   [8 0 0 0])
  ("10" .
   [13 0])
  ("v" .
   [1])
  ("_adSpace" .
   [0 0 0 0 0 0 0 1])
  ("array" .
   [10 0 0 0 1])
  ("puts" .
   [16 0 0 0])
  ("class" .
   [4 0 0 0 0])
  ("push" .
   [1 0 0 0])
  ("a" .
   [12])
  ("currentPrices" .
   [2 0 0 0 4 5 0 0 0 0 0 0 1])
  ("adSpace" .
   [0 0 2 4 0 0 3])
  ("adSpaceNum" .
   [0 0 1 2 0 1 0 1 4 2])
  ("printProcess" .
   [0 0 0 0 0 0 0 0 1 0 0 0])
  ("printLog" .
   [1 0 0 0 0 0 0 0])
  ("args" .
   [2 0 0 0])
  ("name" .
   [1 0 0 0])
  ("struct" .
   [4 0 0 0 0 0])
  ("Struct" .
   [1 0 0 0 2 3])
  ("AdSpace" .
   [0 0 2 2 0 0 0])
  ("initializationUri" .
   [0 0 0 0 0 0 1 0 0 0 0 0 0 0 0 0 0])
  ("initialize" .
   [0 0 0 0 0 0 0 0 0 1])
  ("curves" .
   [1 0 0 0 0 0])
  ("otherSum" .
   [0 0 0 0 0 0 0 1])
  ("pastPrice" .
   [0 0 0 1 0 0 0 0 0])
  ("pastPrices" .
   [1 0 0 0 0 0 0 0 0 0])
  ("budget" .
   [2 0 0 0 0 0])
  ("インプレッション総数と各枠でのインプレッション数をGET" .
   [1 0 0 0 0 0 0 0 0 0 0 0 0 0 0 0 0 0 0 0 0 0 0 0 0 0 0 0])
  ("test" .
   [3 0 0 0])
  ("not" .
   [1 0 0])
  ("assert" .
   [7 0 0 0 0 0])
  ("product" .
   [11 0 0 0 0 0 0])
  ("errors" .
   [4 0 0 0 0 0])
  ("any?" .
   [3 0 0 0])
  ("do" .
   [5 0])
  ("Product" .
   [0 0 0 0 0 0 2])
  ("price" .
   [3 0 0 0 0])
  ("invalid?" .
   [2 0 0 0 0 0 0 0])
  (":price" .
   [1 0 0 0 0 0])
  ("response" .
   [0 0 0 0 0 0 0 1])
  ("body" .
   [2 0 0 0])
  ("css" .
   [4 0 0])
  ("inner_html" .
   [0 0 0 2 0 4 0 0 0 0])
  ("toutf8" .
   [1 0 2 4 0 0])
  ("content" .
   [6 0 0 1 0 1 0])
  ("entry" .
   [10 0 0 0 0])
  ("c" .
   [3])
  ("first" .
   [2 0 0 0 0])
  ("entries" .
   [0 0 0 0 0 1 1])
  ("tags" .
   [1 0 0 0])
  ("meta" .
   [5 0 0 0])
  (":content" .
   [1 0 0 0 0 0 0 0])
  ("title" .
   [2 0 0 0 0])
  ("51" .
   [1 0])
  ("enterprise_key_image" .
   [0 0 0 1 0 0 0 0 0 0 0 0 0 0 0 0 0 0 0 0])
  ("exit" .
   [7 0 0 1])
  ("try" .
   [3 0 0])
  ("catch" .
   [2 0 0 0 0])
  ("ParseException" .
   [0 0 0 0 0 1 0 0 0 0 0 0 0 0])
  ("Options" .
   [2 0 0 0 0 0 0])
  ("opt" .
   [4 0 0])
  ("false" .
   [4 0 0 0 0])
  ("addOption" .
   [0 0 0 0 0 0 1 0 0])
  ("BasicParser" .
   [0 0 0 0 0 2 0 0 0 0 0])
  ("CommandLine" .
   [0 0 0 0 0 0 0 1 0 0 0])
  ("parser" .
   [1 0 0 0 0 0])
  ("HelpFormatter" .
   [0 0 0 1 1 0 0 0 0 0 0 0 0])
  ("initializeAdSpaceNum" .
   [1 0 0 0 0 0 0 0 0 0 0 0 0 0 0 0 0 0 0 1])
  ("hasOption" .
   [0 0 0 1 0 0 0 0 0])
  ("initializeStructNum" .
   [0 0 0 0 0 0 0 0 0 0 0 0 0 0 0 0 0 0 1])
  ("getOptionValue" .
   [0 0 0 0 3 0 0 0 0 0 0 0 0 0])
  ("fileName" .
   [0 0 0 0 0 1 0 0])
  ("各広告枠の入札額とインプレッションの関係を知っている" .
   [1 0 0 0 0 0 0 0 0 0 0 0 0 0 0 0 0 0 0 0 0 0 0 0 0 0])
  ("self" .
   [1 0 0 0])
  ("m" .
   [3])
  ("666666" .
   [1 0 0 0 0 0])
  ("font-weight" .
   [0 0 0 0 0 0 0 1 1 0 0])
  ("png" .
   [1 0 0])
  ("ff6347" .
   [1 0 0 0 0 0])
  ("2a2113" .
   [2 0 0 0 0 0])
  ("1000px" .
   [3 0 0 0 0 0])
  ("400px" .
   [1 0 0 0 0])
  ("2000px" .
   [1 0 0 0 0 0])
  ("website_back8" .
   [0 0 0 0 0 0 0 0 0 0 0 0 1])
  ("num" .
   [6 0 0])
  ("-eq" .
   [2 0 0])
  ("then" .
   [2 0 0 0])
  ("elem2" .
   [5 0 0 0 0])
  ("zero" .
   [2 0 0 0])
  ("document" .
   [0 0 0 0 0 0 1 0])
  ("940px" .
   [2 0 0 0 0])
  ("form_link" .
   [1 0 0 0 0 0 0 0 0])
  ("black" .
   [0 0 0 1 1])
  ("inline" .
   [1 0 0 0 0 0])
  ("600" .
   [2 0 0])
  ("999" .
   [1 0 0])
  ("assert_redirected_to" .
   [1 0 0 0 0 0 0 0 0 0 0 0 0 0 0 0 0 0 0 0])
  ("cart" .
   [3 0 0 0])
  ("Cart" .
   [1 0 0 0])
  ("create" .
   [2 0 0 0 0 0])
  ("id" .
   [1 0])
  ("include" .
   [10 0 0 6 0 1 2])
  ("main" .
   [3 0 0 0])
  ("signed" .
   [1 0 0 0 0 1])
  ("char" .
   [8 0 0 0])
  ("0x80" .
   [1 0 0 0])
  ("ch" .
   [4 0])
  ("print_bin" .
   [2 0 0 0 0 0 0 0 0])
  ("define" .
   [1 0 0 0 0 0])
  ("init_array_1" .
   [2 0 0 0 0 0 1 0 0 0 0 4])
  ("data" .
   [2 0 0 0])
  ("index" .
   [6 0 0 0 0])
  ("MAX" .
   [1 0 1])
  ("init_array_2" .
   [1 0 0 0 0 0 0 0 0 0 0 0])
  ("d" .
   [5])
  ("data_ptr" .
   [1 0 0 0 1 0 0 0])
  ("JAVA_HOME" .
   [0 0 0 0 0 0 0 0 1])
  ("/usr/bin/" .
   [0 0 0 0 0 0 0 1 0])
  ("/usr/bin/javac" .
   [0 0 0 0 0 0 0 0 0 0 0 1 0 0])
  ("export" .
   [1 0 0 0 0 0])
  ("全広告集合から，対象となる広告枠の評価値を取得する" .
   [1 0 0 0 0 0 0 0 0 0 0 0 0 0 0 0 0 0 0 0 0 0 0 0 0])
  ("const" .
   [10 0 0 0 0])
  ("MAX_N" .
   [0 0 2 0 0])
  ("b" .
   [4])
  ("bool" .
   [2 0 0 0])
  ("solve" .
   [2 0 0 0 0])
  ("scanf" .
   [2 0 0 0 0])
  ("dfs" .
   [4 0 0])
  ("sum" .
   [5 0 0])
  ("r" .
   [1])
  ("setDemand" .
   [1 0 0 1 0 0 0 0 1])
  ("frame" .
   [7 0 0 0 0])
  ("line" .
   [4 0 0 0])
  ("frameDemandList" .
   [0 0 1 0 0 3 0 0 0 0 0 1 5 0 3])
  ("frameDemand" .
   [10 0 0 0 0 0 0 2 0 0 5])
  ("@param" .
   [6 0 0 0 0 0])
  ("adNumber" .
   [4 0 1 2 5 2 0 0])
  ("広告番号" .
   [1 0 0 0])
  ("demand" .
   [6 0 0 0 0 1])
  ("その広告枠に対する需要" .
   [1 0 0 0 0 0 0 0 0 0 0])
  ("csvReader" .
   [0 0 0 0 0 1 0 0 0])
  ("close" .
   [1 0 0 0 0])
  ("io" .
   [2 0])
  ("FileNotFoundException" .
   [0 0 0 0 0 0 0 1 0 0 0 0 0 0 0 0 0 0 0 0 0])
  ("util" .
   [2 0 0 0])
  ("rnd" .
   [3 0 0])
  ("ran" .
   [3 0 1])
  ("bidPairs" .
   [3 0 0 3 7 0 0 2])
  ("BidPair" .
   [1 0 0 1 0 0 7])
  ("bp" .
   [19 0])
  ("FrameDemand" .
   [0 0 0 0 0 0 0 0 0 0 5])
  ("auction" .
   [3 0 0 0 0 0 2])
  ("getFrameID" .
   [1 0 0 0 0 0 0 0 0 3])
  ("frameNumber" .
   [3 0 0 0 0 0 1 1 2 0 0])
  ("err" .
   [1 0 0])
  ("広告枠番号" .
   [2 0 0 0 0])
  ("prob" .
   [3 0 0 0])
  ("getDemandsOfTheFrame" .
   [0 0 0 0 0 0 0 1 0 0 1 1 0 0 0 0 0 0 0 0])
  ("frameNum" .
   [5 0 0 0 0 0 0 0])
  ("getDemandSum" .
   [1 0 0 0 0 0 0 0 0 0 0 2])
  ("getFrameDemandList" .
   [0 0 0 1 0 0 0 0 0 0 0 1 0 0 1 0 0 0])
  ("containTheAd" .
   [0 0 0 0 0 0 0 0 0 0 1 0])
  ("getAd" .
   [4 0 0 1 2])
  ("getBudget" .
   [0 0 0 0 0 0 1 0 0])
  ("Ad" .
   [2 0])
  ("lastBp" .
   [0 0 0 3 1 1])
  ("getAdID" .
   [1 0 0 0 0 0 5])
  ("getAuctionID" .
   [0 0 0 0 0 0 0 1 0 0 0 0])
  ("budgets" .
   [1 0 0 0 0 0 0])
  ("Auction" .
   [1 0 0 0 0 0 0])
  ("initialValue" .
   [0 0 0 0 0 0 0 0 0 0 0 1])
  ("rtnBidPairs" .
   [0 0 0 1 0 0 0 0 0 0 1])
  ("f" .
   [5])
  ("広告枠に対する需要のインスタンスを作成" .
   [0 0 0 0 0 0 0 0 0 1 0 0 0 0 0 0 0 0 0])
  ("入札集合の絞り込み" .
   [0 0 0 0 1 0 0 0 0])
  ("MAX_" .
   [0 0 0 1])
  ("MAX_AD_NUM" .
   [1 0 0 0 1 0 0 0 0 0])
  ("randomAdNum" .
   [0 0 0 0 0 0 1 0 0 0 0])
  ("count" .
   [3 0 0 0 0])
  ("using" .
   [2 0 0 0 0])
  ("namespace" .
   [0 0 0 0 1 0 0 0 0])
  ("std" .
   [1 0 0])
  ("svm" .
   [15 0 0])
  ("weight" .
   [1 0 1 2 1 1])
  ("k" .
   [1])
  ("file_name" .
   [0 0 0 0 0 1 0 2 1])
  ("f_name" .
   [1 0 0 0 1 0])
  ("Input" .
   [0 0 0 0 1])
  ("alphaに入れる" .
   [0 0 0 0 0 0 0 0 1])
  ("alpha" .
   [1 0 0 1 0])
  ("w" .
   [1])
  ("calculate_weight" .
   [0 0 0 0 0 0 0 0 0 0 0 0 1 0 0 0])
  ("theta" .
   [3 0 0 1 0])
  ("calculate_theta" .
   [0 0 0 0 0 0 0 0 0 0 0 0 0 0 1])
  ("support_vector" .
   [0 0 0 0 1 0 0 0 0 0 0 0 0 0])
  ("get_weight" .
   [0 0 0 0 0 0 0 0 2 0])
  ("get_theta" .
   [0 0 0 0 0 0 2 0 0])
  ("line11" .
   [1 0 0 0 0 0])
  ("line12" .
   [1 0 0 0 0 0])
  ("line13" .
   [1 0 0 0 0 0])
  ("line14" .
   [1 0 0 0 0 0])
  ("line15" .
   [1 0 0 0 0 0])
  ("line16" .
   [1 0 0 0 0 0])
  ("line17" .
   [1 0 0 0 0 0])
  ("line18" .
   [1 0 0 0 0 0])
  ("line19" .
   [1 0 0 0 0 0])
  ("line20" .
   [1 0 0 0 0 0])
  ("line21" .
   [1 0 0 0 0 0])
  ("line22" .
   [1 0 0 0 0 0])
  ("line23" .
   [1 0 0 0 0 0])
  ("line24" .
   [1 0 0 0 0 0])
  ("line25" .
   [1 0 0 0 0 0])
  ("line26" .
   [1 0 0 0 0 0])
  ("line27" .
   [1 0 0 0 0 0])
  ("line28" .
   [1 0 0 0 0 0])
  ("line29" .
   [1 0 0 0 0 0])
  ("line30" .
   [1 0 0 0 0 0])
  ("line31" .
   [1 0 0 0 0 0])
  ("line32" .
   [1 0 0 0 0 0])
  ("line33" .
   [1 0 0 0 0 0])
  ("line34" .
   [1 0 0 0 0 0])
  ("line35" .
   [1 0 0 0 0 0])
  ("line36" .
   [1 0 0 0 0 0])
  ("line37" .
   [1 0 0 0 0 0])
  ("line38" .
   [1 0 0 0 0 0])
  ("line39" .
   [1 0 0 0 0 0])
  ("line40" .
   [1 0 0 0 0 0])
  ("line41" .
   [1 0 0 0 0 0])
  ("line42" .
   [1 0 0 0 0 0])
  ("line43" .
   [1 0 0 0 0 0])
  ("line44" .
   [1 0 0 0 0 0])
  ("line45" .
   [1 0 0 0 0 0])
  ("line46" .
   [1 0 0 0 0 0])
  ("line47" .
   [1 0 0 0 0 0])
  ("line48" .
   [1 0 0 0 0 0])
  ("line49" .
   [1 0 0 0 0 0])
  ("line50" .
   [1 0 0 0 0 0])
  ("line51" .
   [1 0 0 0 0 0])
  ("line52" .
   [1 0 0 0 0 0])
  ("line53" .
   [1 0 0 0 0 0])
  ("line54" .
   [1 0 0 0 0 0])
  ("line55" .
   [1 0 0 0 0 0])
  ("line56" .
   [1 0 0 0 0 0])
  ("line57" .
   [1 0 0 0 0 0])
  ("line58" .
   [1 0 0 0 0 0])
  ("line59" .
   [1 0 0 0 0 0])
  ("line60" .
   [1 0 0 0 0 0])
  ("line61" .
   [1 0 0 0 0 0])
  ("line62" .
   [1 0 0 0 0 0])
  ("line63" .
   [1 0 0 0 0 0])
  ("line64" .
   [1 0 0 0 0 0])
  ("line65" .
   [1 0 0 0 0 0])
  ("line66" .
   [1 0 0 0 0 0])
  ("line67" .
   [1 0 0 0 0 0])
  ("line68" .
   [1 0 0 0 0 0])
  ("line69" .
   [1 0 0 0 0 0])
  ("line70" .
   [1 0 0 0 0 0])
  ("line71" .
   [1 0 0 0 0 0])
  ("line72" .
   [1 0 0 0 0 0])
  ("line73" .
   [1 0 0 0 0 0])
  ("line74" .
   [1 0 0 0 0 0])
  ("line75" .
   [1 0 0 0 0 0])
  ("line76" .
   [1 0 0 0 0 0])
  ("line77" .
   [1 0 0 0 0 0])
  ("line78" .
   [1 0 0 0 0 0])
  ("line79" .
   [1 0 0 0 0 0])
  ("line80" .
   [1 0 0 0 0 0])
  ("line81" .
   [1 0 0 0 0 0])
  ("line82" .
   [1 0 0 0 0 0])
  ("line83" .
   [1 0 0 0 0 0])
  ("line84" .
   [1 0 0 0 0 0])
  ("line85" .
   [1 0 0 0 0 0])
  ("line86" .
   [1 0 0 0 0 0])
  ("line87" .
   [1 0 0 0 0 0])
  ("line88" .
   [1 0 0 0 0 0])
  ("line89" .
   [1 0 0 0 0 0])
  ("line90" .
   [1 0 0 0 0 0])
  ("line91" .
   [1 0 0 0 0 0])
  ("line92" .
   [1 0 0 0 0 0])
  ("line93" .
   [1 0 0 0 0 0])
  ("line94" .
   [1 0 0 0 0 0])
  ("line95" .
   [1 0 0 0 0 0])
  ("line96" .
   [1 0 0 0 0 0])
  ("line97" .
   [1 0 0 0 0 0])
  ("line98" .
   [1 0 0 0 0 0])
  ("line99" .
   [1 0 0 0 0 0])
  ("line100" .
   [1 0 0 0 0 0 0])
  ("background-color-at-point" .
   [0 0 0 0 0 0 0 0 0 0 0 0 0 0 1 0 0 0 0 0 0 0 0 0 0])))
